434409.254522,4462375.90134
434409.231509,4462375.86102
434409.236605,4462375.87689
434409.235215,4462375.87986
434409.235208,4462375.87912
434409.185045,4462375.81129
434409.185622,4462375.81258
434409.180534,4462375.81373
434409.179975,4462375.81466
434409.169351,4462375.79829
434409.164789,4462375.79482
434409.158755,4462375.80134
434409.155912,4462375.80007
434409.137322,4462375.79598
434409.151991,4462375.80529
434409.146508,4462375.80996
434409.146054,4462375.80663
434409.135743,4462375.80987
434409.144651,4462375.80813
434409.143632,4462375.80499
434409.144468,4462375.80332
434409.14338,4462375.80851
434409.145483,4462375.80608
434409.148457,4462375.80606
434409.148171,4462375.80569
434409.156165,4462375.81284
434409.165398,4462375.8159
434409.160283,4462375.8141
434409.160748,4462375.81872
434409.170615,4462375.82955
434409.177793,4462375.8243
434409.176541,4462375.8269
434409.173892,4462375.81546
434409.169883,4462375.82678
434409.173511,4462375.83674
434409.171953,4462375.83675
434409.17325,4462375.83933
434409.160201,4462375.82094
434409.169382,4462375.81809
434409.161047,4462375.80428
434409.177046,4462375.83615
434409.170443,4462375.82603
434409.180832,4462375.83168
434409.179984,4462375.83187
434409.179694,4462375.83113
434409.166083,4462375.81331
434409.179071,4462375.82466
434409.176332,4462375.81914
434409.178194,4462375.82153
434409.166171,4462375.79092
434409.163689,4462375.78243
434409.16287,4462375.76967
434409.162598,4462375.77097
434409.178987,4462375.78248
434409.169784,4462375.78293
434409.167124,4462375.78647
434409.166831,4462375.78536
434409.17112,4462375.80623
434409.177627,4462375.80525
434409.173705,4462375.81028
434409.171861,4462375.80992
434409.152245,4462375.78567
434409.137296,4462375.79302
434409.130379,4462375.79567
434409.132685,4462375.80028
434409.145465,4462375.80405
434409.150509,4462375.814
434409.140319,4462375.81482
434409.141479,4462375.81796
434409.142611,4462375.81777
434409.135666,4462375.81727
434409.139722,4462375.81131
434409.140439,4462375.81242
434409.146061,4462375.82366
434409.142014,4462375.83054
434409.13286,4462375.83654
434409.133281,4462375.83616
434409.150282,4462375.86913
434409.140837,4462375.84183
434409.136618,4462375.8452
434409.134513,4462375.84744
434409.140411,4462375.85793
434409.146079,4462375.85825
434409.14605,4462375.85492
434409.14662,4462375.85529
434409.143889,4462375.85069
434409.146193,4462375.83883
434409.146488,4462375.84012
434409.150074,4462375.84527
434409.126289,4462375.83012
434409.134234,4462375.83171
434409.126786,4462375.83844
434409.119302,4462375.82481
434409.128114,4462375.82825
434409.13726,4462375.83761
434409.128827,4462375.84508
434409.125294,4462375.84604
434409.154656,4462375.88352
434409.155829,4462375.87186
434409.15411,4462375.86965
434409.15296,4462375.86763
434409.168906,4462375.89339
434409.165613,4462375.90563
434409.158396,4462375.89015
434409.148349,4462375.87488
434409.182653,4462375.92694
434409.169558,4462375.93575
434409.16862,4462375.94187
434409.168663,4462375.94686
434409.163645,4462375.92359
434409.143918,4462375.88658
434409.138025,4462375.89292
434409.134348,4462375.89351
434409.125069,4462375.8527
434409.130716,4462375.85062
434409.141241,4462375.88808
434409.14012,4462375.88957
434409.123585,4462375.86122
434409.124076,4462375.8688
434409.098537,4462375.84738
434409.100388,4462375.84847
434409.096202,4462375.83945
434409.090397,4462375.83968
434409.084756,4462375.84251
434409.086188,4462375.84434
434409.067511,4462375.81398
434409.071068,4462375.8158
434409.056361,4462375.80224
434409.083491,4462375.85991
434409.083905,4462375.85861
434409.082849,4462375.85122
434409.082426,4462375.85141
434409.077247,4462375.8422
434409.076826,4462375.84276
434409.065955,4462375.84674
434409.063318,4462375.85287
434409.046345,4462375.82304
434409.05658,4462375.8274
434409.068285,4462375.82156
434409.084949,4462375.86471
434409.081051,4462375.85623
434409.053437,4462375.82428
434409.048345,4462375.82506
434409.047339,4462375.82341
434409.040573,4462375.81088
434409.049883,4462375.80655
434409.050659,4462375.81431
434409.071785,4462375.86556
434409.065156,4462375.85248
434409.066192,4462375.85765
434409.05644,4462375.82758
434409.057599,4462375.83053
434409.048818,4462375.81433
434409.083987,4462375.88432
434409.094997,4462375.87997
434409.084629,4462375.87673
434409.084935,4462375.87932
434409.104224,4462375.89858
434409.102912,4462375.91062
434409.099378,4462375.89511
434409.098771,4462375.89049
434409.093804,4462375.88942
434409.093341,4462375.8687
434409.090622,4462375.86558
434409.091456,4462375.86372
434409.08716,4462375.8584
434409.080673,4462375.84532
434409.077052,4462375.85238
434408.998305,4462375.70635
434409.068937,4462375.84764
434409.104911,4462375.89617
434409.10064,4462375.89362
434409.099659,4462375.89492
434409.098058,4462375.88994
434409.107696,4462375.8745
434409.110311,4462375.86578
434409.099826,4462375.84903
434409.096774,4462375.8239
434409.101604,4462375.80924
434409.10062,4462375.81018
434409.120824,4462375.85311
434409.100125,4462375.81832
434409.114065,4462375.80895
434409.101131,4462375.8037
434409.102527,4462375.80146
434409.095071,4462375.79098
434409.095203,4462375.78987
434409.089245,4462375.78881
434409.081322,4462375.77353
434409.082252,4462375.76649
434409.107779,4462375.80271
434409.102566,4462375.8059
434409.10667,4462375.8055
434409.098853,4462375.80242
434409.105662,4462375.80366
434409.098622,4462375.80834
434409.098494,4462375.81001
434409.093706,4462375.79692
434409.099883,4462375.80685
434409.098652,4462375.81186
434409.102376,4462375.81664
434409.101728,4462375.82349
434409.094133,4462375.81338
434409.08523,4462375.79939
434409.074328,4462375.78358
434409.075511,4462375.7893
434409.098763,4462375.82462
434409.094499,4462375.82281
434409.094071,4462375.82244
434409.103414,4462375.82199
434409.095004,4462375.79949
434409.084834,4462375.80273
434409.084702,4462375.80384
434409.105669,4462375.83696
434409.114276,4462375.83318
434409.099568,4462375.81944
434409.100146,4462375.82073
434409.089332,4462375.7988
434409.094278,4462375.79747
434409.115347,4462375.84224
434409.111025,4462375.83395
434409.093837,4462375.8119
434409.100707,4462375.80388
434409.097163,4462375.80355
434409.096843,4462375.79929
434409.071498,4462375.76769
434409.07441,4462375.77673
434409.070439,4462375.77621
434409.072192,4462375.7823
434409.072276,4462375.77564
434409.068471,4462375.79417
434409.066637,4462375.79493
434409.068344,4462375.79584
434409.065365,4462375.79531
434409.07112,4462375.78934
434409.06876,4462375.79473
434409.070042,4462375.79564
434409.066074,4462375.79531
434409.075614,4462375.80114
434409.058471,4462375.78427
434409.084122,4462375.83474
434409.090365,4462375.85226
434409.099039,4462375.85626
434409.095825,4462375.845
434409.095271,4462375.84648
434409.095637,4462375.83964
434409.099908,4462375.84219
434409.08708,4462375.83286
434409.086363,4462375.83195
434409.076462,4462375.81723
434409.084809,4462375.81605
434409.080156,4462375.81849
434409.079474,4462375.82146
434409.075006,4462375.81262
434409.075744,4462375.78357
434409.073192,4462375.78322
434409.063799,4462375.76184
434409.069329,4462375.77881
434409.075544,4462375.77691
434409.070069,4462375.78251
434409.069258,4462375.78695
434409.059689,4462375.77779
434409.0532,4462375.7808
434409.053781,4462375.78246
434409.054079,4462375.78412
434409.051174,4462375.77582
434409.066006,4462375.77126
434409.090828,4462375.82414
434409.090831,4462375.82451
434409.084825,4462375.8179
434408.983904,4462375.59788
434408.979539,4462375.60087
434408.980367,4462375.59828
434408.976292,4462375.60201
434408.980648,4462375.59809
434408.969261,4462375.60781
434408.970421,4462375.61094
434408.95593,4462375.60589
434408.969259,4462375.59134
434408.962907,4462375.5938
434408.959244,4462375.59606
434408.943893,4462375.57362
434408.942611,4462375.5727
434408.93706,4462375.56961
434408.928409,4462375.56839
434408.930255,4462375.56893
434408.916872,4462375.5609
434408.895714,4462375.57089
434408.868616,4462375.54948
434408.865023,4462375.55969
434408.826595,4462375.53838
434408.777721,4462375.5697
434408.701363,4462375.76278
434408.669523,4462375.74973
434408.636602,4462375.72634
434408.587287,4462375.70716
434408.535433,4462375.68911
434408.488471,4462375.6799
434408.420754,4462375.6618
434408.377817,4462375.62684
434408.326828,4462375.59435
434408.275069,4462375.57094
434408.208804,4462375.52452
434408.141713,4462375.49699
434408.066754,4462375.44436
434408.002231,4462375.41902
434407.926301,4462375.3688
434407.860664,4462375.32941
434407.784475,4462375.28179
434407.721402,4462375.26032
434407.629892,4462375.21005
434407.553112,4462375.15966
434407.470603,4462375.1021
434407.400038,4462375.0498
434407.310725,4462375.00785
434407.217975,4462374.94519
434407.112057,4462374.88303
434407.041522,4462374.81797
434406.944207,4462374.71909
434406.550756,4462374.76915
434406.346582,4462373.42775
434406.382485,4462374.67071
434406.280099,4462374.5913
434406.230866,4462374.6465
434406.129672,4462374.60631
434405.796422,4462373.0159
434405.695541,4462372.93038
434405.667642,4462372.99575
434405.447936,4462372.71608
434405.359065,4462372.62731
434405.057065,4462372.4934
434405.147818,4462372.44062
434405.025374,4462372.33494
434404.676715,4462372.21032
434404.56236,4462372.1227
434404.39509,4462372.00908
434404.257913,4462371.95181
434404.163395,4462371.88141
434404.033485,4462371.78041
434403.880937,4462371.68202
434403.720605,4462371.48694
434403.562994,4462371.36028
434403.444554,4462371.24272
434403.290503,4462371.10198
434403.68728,4462371.96973
434402.996802,4462370.78281
434402.840216,4462370.62747
434402.686469,4462370.48912
434402.523771,4462370.18509
434402.814526,4462370.94628
434402.654667,4462370.8054
434402.485893,4462370.66552
434402.300262,4462370.44402
434402.158928,4462370.31611
434401.984417,4462370.16796
434401.810311,4462370.01758
434401.610074,4462369.76161
434401.426954,4462369.58449
434401.264655,4462369.47249
434401.079647,4462369.32258
434400.949817,4462369.45821
434400.767521,4462369.31068
434400.569721,4462369.15552
434400.369294,4462368.9915
434400.207494,4462368.96923
434400.005581,4462368.81354
434399.803878,4462368.66563
434399.591703,4462368.50245
434399.30116,4462368.02562
434399.147472,4462368.13778
434398.931365,4462367.9948
434398.727074,4462367.87503
434398.614096,4462367.81533
434398.420482,4462367.79926
434398.187787,4462367.63811
434397.956614,4462367.47287
434397.717731,4462367.43055
434397.618246,4462367.32652
434397.378127,4462367.17487
434397.130815,4462367.02661
434396.798763,4462366.8086
434396.529386,4462366.51771
434396.27734,4462366.36265
434396.022161,4462366.22186
434395.827424,4462366.22319
434395.637216,4462366.30532
434395.391177,4462366.14077
434395.130363,4462365.97099
434395.045611,4462365.99726
434394.700332,4462365.67558
434394.446394,4462365.53089
434394.185355,4462365.38405
434393.852831,4462365.07946
434393.429877,4462365.05965
434393.168997,4462364.91484
434393.247161,4462365.36762
434393.007835,4462365.20949
434392.777191,4462365.08865
434392.503452,4462364.931
434392.04211,4462364.45566
434391.680468,4462364.27159
434391.385929,4462364.24622
434391.119551,4462364.10442
434390.754914,4462363.7879
434390.529646,4462363.7314
434390.348923,4462363.45564
434390.080249,4462363.31035
434389.749905,4462363.06087
434389.53912,4462362.94356
434389.16645,4462362.84284
434388.900713,4462362.70954
434388.657339,4462362.62323
434388.414431,4462362.55782
434388.208677,4462362.43269
434387.950448,4462362.3158
434387.918404,4462362.57176
434387.606684,4462362.37911
434387.432447,4462362.27869
434387.193004,4462362.13961
434387.059352,4462362.19425
434386.774252,4462361.93568
434386.505427,4462361.83812
434386.279096,4462361.65971
434386.110402,4462361.67524
434385.931031,4462361.63573
434385.750545,4462361.56589
434385.521032,4462361.44486
434385.154884,4462361.10134
434384.767006,4462360.65348
434384.815494,4462360.88655
434384.599048,4462360.76966
434384.268209,4462360.47967
434384.047689,4462360.35042
434383.886945,4462360.20566
434383.552753,4462359.88851
434383.362839,4462359.8095
434383.24468,4462359.93541
434383.069862,4462359.75211
434382.892131,4462359.68965
434382.668237,4462359.5632
434382.527168,4462359.43326
434382.329135,4462359.3003
434382.160892,4462359.25385
434381.865405,4462359.00611
434381.679607,4462358.94427
434381.471642,4462359.00417
434381.309771,4462358.95748
434381.199649,4462358.99803
434381.029034,4462358.89074
434380.866237,4462358.77042
434380.719251,4462358.74154
434380.522129,4462358.6317
434380.382319,4462358.61368
434380.239037,4462358.57108
434380.104269,4462358.53026
434379.873941,4462358.36446
434379.726842,4462358.33892
434379.589446,4462358.30533
434379.455497,4462358.29337
434379.425932,4462358.42757
434379.329163,4462358.45635
434379.225823,4462358.52756
434379.103305,4462358.51087
434379.039904,4462358.598
434378.895843,4462358.56355
434378.792251,4462358.68693
434378.666314,4462358.68433
434378.450427,4462358.51785
434378.27063,4462358.46207
434378.119398,4462358.48226
434377.996394,4462358.4911
434377.901387,4462358.54336
434377.79385,4462358.52302
434377.655255,4462358.49815
434377.52745,4462358.54107
434377.412639,4462358.56372
434377.27698,4462358.59931
434377.147511,4462358.67889
434377.028015,4462358.66772
434376.926054,4462358.73466
434376.792375,4462358.73749
434376.598465,4462358.80116
434376.466079,4462358.82229
434376.263892,4462358.73266
434376.112729,4462358.71215
434376.003484,4462358.73956
434375.886114,4462358.77721
434375.799778,4462358.89804
434375.650109,4462358.98371
434375.504261,4462359.05288
434375.382146,4462359.115
434375.222814,4462359.11583
434375.0818,4462359.10596
434374.979171,4462359.17734
434374.857331,4462359.23853
434374.731924,4462359.29661
434374.626833,4462359.26441
434374.563319,4462359.2411
434374.446668,4462359.3126
434374.311284,4462359.36355
434374.216757,4462359.55198
434374.099001,4462359.6592
434373.999723,4462359.75757
434373.908632,4462359.869
434373.812133,4462359.9938
434373.750135,4462360.1281
434373.647365,4462360.24833
434373.545998,4462360.36706
434373.432161,4462360.46889
434373.352755,4462360.6372
434373.249741,4462360.76187
434373.087259,4462360.77513
434372.962034,4462360.77289
434372.885984,4462360.9038
434372.79896,4462361.04313
434372.749608,4462361.24707
434372.691828,4462361.42648
434372.645964,4462361.57563
434372.573774,4462361.72686
434372.497061,4462361.86295
434372.403233,4462362.00161
434372.375767,4462362.18149
434372.307552,4462362.33379
434372.264441,4462362.53879
434372.197744,4462362.68646
434372.116454,4462362.88235
434372.037964,4462363.04196
434372.012826,4462363.2777
434371.905196,4462363.36041
434371.82801,4462363.50724
434371.770785,4462363.66907
434371.691201,4462363.80075
434371.656398,4462364.03269
434371.579234,4462364.18192
434371.527078,4462364.35666
434371.49224,4462364.56824
434371.413328,4462364.67957
434371.366546,4462364.83705
434371.312294,4462365.01513
434371.270647,4462365.22548
434371.24751,4462365.44714
434371.197572,4462365.63259
434371.142674,4462365.81771
434371.049065,4462365.94896
434371.006306,4462366.19428
434370.940485,4462366.39374
434370.876248,4462366.57987
434370.888671,4462366.88373
434370.813221,4462367.06718
434370.747824,4462367.25017
434370.686103,4462367.43258
434370.63835,4462367.64113
434370.583479,4462367.82939
434370.526883,4462367.99843
434370.469573,4462368.18302
434370.408751,4462368.37096
434370.358487,4462368.60026
434370.273927,4462368.81098
434370.209643,4462369.00802
434370.189331,4462369.27739
434370.154268,4462369.51192
434370.073363,4462369.70319
434370.009679,4462369.88783
434369.941121,4462370.06567
434369.848192,4462370.19376
434369.767202,4462370.39151
434369.699837,4462370.57636
434369.642363,4462370.77464
434369.58475,4462370.97329
434369.538982,4462371.14963
434369.468491,4462371.33322
434369.414576,4462371.56607
434369.357688,4462371.7179
434369.25568,4462371.94173
434369.180365,4462372.12444
434369.094055,4462372.2806
434369.038067,4462372.43816
434368.969354,4462372.61452
434368.889657,4462372.79819
434368.815729,4462372.99365
434368.740369,4462373.17118
434368.671547,4462373.36752
434368.598216,4462373.56649
434368.523231,4462373.75456
434368.469767,4462373.97408
434368.395372,4462374.18101
434368.323643,4462374.38515
434368.247447,4462374.58045
434368.123277,4462374.68292
434368.037896,4462374.86442
434367.953751,4462375.05774
434367.878946,4462375.28263
434367.794785,4462375.44155
434367.707209,4462375.63121
434367.626032,4462375.84005
434367.555814,4462376.05491
434367.484639,4462376.25756
434367.397424,4462376.4561
434367.314993,4462376.66736
434367.201934,4462376.84207
434367.111426,4462377.03656
434367.021417,4462377.23956
434366.935021,4462377.45086
434366.846285,4462377.65366
434366.739282,4462377.80816
434366.657645,4462378.02922
434366.57488,4462378.23456
434366.494438,4462378.46264
434366.401624,4462378.66881
434366.331,4462378.90217
434366.248345,4462379.12009
434366.152145,4462379.32777
434366.074901,4462379.58154
434365.979225,4462379.80069
434365.88539,4462380.01963
434365.796944,4462380.23946
434365.716938,4462380.46883
434365.62948,4462380.67199
434365.54095,4462380.8822
434365.453431,4462381.11089
434365.362726,4462381.36404
434365.260009,4462381.60397
434365.166717,4462381.82032
434365.056855,4462382.00425
434364.919709,4462382.1455
434364.823167,4462382.3789
434364.727779,4462382.59842
434364.636461,4462382.81382
434364.549636,4462383.04085
434364.462026,4462383.259
434364.368514,4462383.48257
434364.281753,4462383.70071
434364.167544,4462383.92224
434364.078264,4462384.16002
434363.988379,4462384.37726
434363.890159,4462384.58071
434363.77539,4462384.7867
434363.67986,4462384.98993
434363.583589,4462385.20576
434363.480896,4462385.4159
434363.392303,4462385.61889
434363.304719,4462385.85628
434363.206783,4462386.076
434363.113375,4462386.29531
434363.011683,4462386.52284
434362.917358,4462386.73439
434362.826831,4462386.95923
434362.726833,4462387.1699
434362.650518,4462387.43273
434362.5469,4462387.65046
434362.448235,4462387.88406
434362.356057,4462388.11447
434362.295216,4462388.36513
434362.208375,4462388.59031
434362.115732,4462388.81609
434362.028119,4462389.05015
434361.928411,4462389.27784
434361.822136,4462389.51577
434361.724259,4462389.74233
434361.62638,4462389.96853
434361.528072,4462390.19436
434361.436585,4462390.42272
434361.346833,4462390.65514
434361.245943,4462390.87729
434361.145888,4462391.09759
434361.053065,4462391.33521
434360.952755,4462391.55884
434360.884606,4462391.81604
434360.819785,4462392.11373
434360.723085,4462392.329
434360.621956,4462392.55615
434360.515614,4462392.77021
434360.437944,4462393.0238
434360.346761,4462393.25456
434360.25318,4462393.48646
434360.164909,4462393.72626
434360.066009,4462393.94914
434359.948969,4462394.20325
434359.849158,4462394.43538
434359.75379,4462394.6734
434359.645163,4462394.90154
434359.570899,4462395.10718
434359.471539,4462395.34227
434359.381488,4462395.58912
434359.28128,4462395.80812
434359.201155,4462396.04008
434359.107891,4462396.27586
434359.000599,4462396.49455
434358.883434,4462396.70186
434358.780366,4462396.93402
434358.675896,4462397.16786
434358.561183,4462397.38014
434358.456935,4462397.59067
434358.37395,4462397.81951
434358.275454,4462398.05626
434358.171337,4462398.28177
434358.062304,4462398.52823
434357.972337,4462398.75232
434357.869876,4462398.98911
434357.760823,4462399.21706
434357.654577,4462399.45832
434357.536977,4462399.6969
434357.437339,4462399.93255
434357.335064,4462400.15823
434357.237528,4462400.40755
434357.135476,4462400.62619
434357.031283,4462400.85929
434356.945406,4462401.12997
434356.832757,4462401.35167
434356.739312,4462401.5991
434356.635368,4462401.84441
434356.53827,4462402.09521
434356.431518,4462402.31093
434356.32182,4462402.5624
434356.216987,4462402.80327
434356.115246,4462403.05762
434356.012398,4462403.31494
434355.906805,4462403.56618
434355.801034,4462403.81317
434355.696673,4462404.0594
434355.600558,4462404.30927
434355.501753,4462404.55915
434355.392307,4462404.80709
434355.273669,4462405.04032
434355.161564,4462405.2918
434355.058481,4462405.55467
434354.95305,4462405.80813
434354.838067,4462406.05446
434354.731967,4462406.29627
434354.613474,4462406.54614
434354.505922,4462406.79999
434354.398389,4462407.05606
434354.292909,4462407.28768
434354.179441,4462407.56157
434354.071089,4462407.82116
434353.964726,4462408.08147
434353.856355,4462408.33884
434353.746442,4462408.59807
434353.636384,4462408.85694
434353.529366,4462409.12336
434353.412611,4462409.37766
434353.303754,4462409.64428
434353.193695,4462409.90296
434353.078142,4462410.14892
434352.954308,4462410.40347
434352.828982,4462410.66561
434352.712575,4462410.92731
434352.595964,4462411.18179
434352.463096,4462411.42365
434352.340538,4462411.67836
434352.228953,4462411.94076
434352.12294,4462412.20865
434352.001554,4462412.4678
434351.901662,4462412.72306
434351.791762,4462412.98377
434351.681162,4462413.24542
434351.575321,4462413.51683
434351.450829,4462413.79339
434351.33416,4462414.0575
434351.22096,4462414.32953
434351.100122,4462414.58663
434350.991534,4462414.85159
434350.878594,4462415.12103
434350.765121,4462415.37807
434350.646694,4462415.65162
434350.53231,4462415.91793
434350.420315,4462416.18199
434350.305284,4462416.43905
434350.202012,4462416.71265
434350.090326,4462416.97967
434349.978065,4462417.24577
434349.865637,4462417.50891
434349.773062,4462417.79112
434349.680066,4462418.02505
434349.562678,4462418.28786
434349.435229,4462418.53393
434349.323678,4462418.8002
434349.228517,4462419.0619
434349.12125,4462419.33221
434349.008834,4462419.59665
434348.911717,4462419.87778
434348.807891,4462420.13659
434348.693633,4462420.40105
434348.57562,4462420.6572
434348.470882,4462420.92509
434348.342764,4462421.19188
434348.232231,4462421.46111
434348.11869,4462421.71039
434347.994898,4462421.95346
434347.883355,4462422.22066
434347.770847,4462422.49083
434347.662317,4462422.74617
434347.538504,4462423.00312
434347.429108,4462423.25661
434347.317911,4462423.51475
434347.195942,4462423.77205
434347.079143,4462424.03745
434346.960839,4462424.32506
434346.855173,4462424.58408
434346.744385,4462424.84036
434346.643244,4462425.13097
434346.528727,4462425.39819
434346.417035,4462425.66447
434346.301448,4462425.92265
434346.194627,4462426.19536
434346.084935,4462426.46366
434345.974258,4462426.7327
434345.861061,4462426.98882
434345.754184,4462427.25506
434345.649783,4462427.51295
434345.537277,4462427.7833
434345.427514,4462428.04346
434345.306748,4462428.29243
434345.203541,4462428.55734
434345.094588,4462428.82915
434344.989297,4462429.09851
434344.87854,4462429.37459
434344.772197,4462429.63712
434344.664301,4462429.90023
434344.553182,4462430.16724
434344.459148,4462430.44447
434344.330345,4462430.71385
434344.220796,4462430.98234
434344.106049,4462431.23939
434343.993309,4462431.48292
434343.876184,4462431.75961
434343.770987,4462432.02361
434343.663142,4462432.27635
434343.561745,4462432.53755
434343.451308,4462432.78532
434343.341164,4462433.05047
434343.234013,4462433.31782
434343.121645,4462433.58781
434343.019347,4462433.84309
434342.915531,4462434.10301
434342.816233,4462434.36141
434342.714311,4462434.61114
434342.598361,4462434.87635
434342.495797,4462435.13367
434342.392439,4462435.38119
434342.29833,4462435.61734
434342.203138,4462435.85924
434342.104303,4462436.10561
434342.007598,4462436.3527
434341.906769,4462436.61408
434341.80173,4462436.86365
434341.700746,4462437.10726
434341.603499,4462437.35714
434341.524387,4462437.59149
434341.405002,4462437.85266
434341.308308,4462438.10086
434341.210116,4462438.33983
434341.096954,4462438.58374
434340.992769,4462438.81757
434340.889649,4462439.05991
434340.788005,4462439.2928
434340.67947,4462439.54758
434340.576752,4462439.78714
434340.476732,4462440.0276
434340.372889,4462440.26828
434340.274371,4462440.51854
434340.189693,4462440.74795
434340.090669,4462440.98896
434339.995824,4462441.23807
434339.906724,4462441.49638
434339.802368,4462441.74317
434339.699143,4462441.98958
434339.59755,4462442.22839
434339.490202,4462442.47298
434339.394065,4462442.72026
434339.287687,4462442.96244
434339.178579,4462443.2002
434339.072035,4462443.43961
434338.965455,4462443.67495
434338.864294,4462443.9145
434338.768164,4462444.16251
434338.667575,4462444.40261
434338.547442,4462444.65915
434338.445957,4462444.91036
434338.349469,4462445.16596
434338.245186,4462445.40479
434338.143821,4462445.63713
434338.04102,4462445.88353
434337.937109,4462446.13254
434337.836267,4462446.39243
434337.740346,4462446.63193
434337.639403,4462446.88017
434337.535861,4462447.1227
434337.444852,4462447.37326
434337.334346,4462447.61307
434337.230661,4462447.8556
434337.122165,4462448.09854
434337.03275,4462448.35315
434336.907454,4462448.60235
434336.800104,4462448.84676
434336.693473,4462449.09246
434336.590796,4462449.33683
434336.490342,4462449.57618
434336.39017,4462449.83163
434336.291095,4462450.083
434336.17996,4462450.33188
434336.088322,4462450.57523
434335.985402,4462450.82423
434335.884087,4462451.07858
434335.782137,4462451.34126
434335.678279,4462451.58008
434335.574816,4462451.83168
434335.468375,4462452.08292
434335.365961,4462452.34117
434335.265256,4462452.58423
434335.161587,4462452.82842
434335.055407,4462453.07707
434334.947026,4462453.31705
434334.842837,4462453.56662
434334.736537,4462453.81768
434334.632243,4462454.0715
434334.532993,4462454.31898
434334.422603,4462454.57212
434334.320418,4462454.82407
434334.218388,4462455.07768
434334.111183,4462455.32246
434333.997183,4462455.56767
434333.890617,4462455.82077
434333.777705,4462456.06079
434333.673362,4462456.30887
434333.57238,4462456.55267
434333.467598,4462456.79928
434333.370735,4462457.06062
434333.264045,4462457.29947
434333.153444,4462457.54465
434333.047683,4462457.79257
434332.940111,4462458.04401
434332.841268,4462458.27317
434332.737489,4462458.52107
434332.636459,4462458.7756
434332.530431,4462459.02536
434332.428853,4462459.26584
434332.325245,4462459.51706
434332.216244,4462459.76704
434332.107094,4462460.01609
434332.006491,4462460.2708
434331.89256,4462460.52397
434331.786258,4462460.77484
434331.679578,4462461.03109
434331.564644,4462461.29906
434331.457927,4462461.55105
434331.352232,4462461.80655
434331.251114,4462462.06718
434331.13583,4462462.31129
434331.030143,4462462.56772
434330.919909,4462462.82251
434330.807336,4462463.06882
434330.695783,4462463.31845
434330.596197,4462463.57611
434330.490791,4462463.83234
434330.379962,4462464.08382
434330.276485,4462464.33374
434330.165004,4462464.5917
434330.063001,4462464.84827
434329.958148,4462465.10283
434329.850852,4462465.36963
434329.733883,4462465.6317
434329.624343,4462465.88483
434329.516569,4462466.12924
434329.418517,4462466.38412
434329.307409,4462466.63615
434329.197044,4462466.89205
434329.10308,4462467.16095
434328.99704,4462467.40942
434328.888866,4462467.6729
434328.787951,4462467.94056
434328.682174,4462468.20291
434328.567544,4462468.457
434328.456575,4462468.70866
434328.343537,4462468.96662
434328.236759,4462469.22787
434328.14118,4462469.4903
434328.04485,4462469.74775
434327.938459,4462470.00455
434327.829296,4462470.2684
434327.718154,4462470.53264
434327.612036,4462470.78833
434327.503243,4462471.04589
434327.39422,4462471.30956
434327.280873,4462471.56456
434327.173904,4462471.83635
434327.062657,4462472.10485
434326.944577,4462472.36933
434326.83704,4462472.64094
434326.731511,4462472.89921
434326.624311,4462473.16083
434326.50946,4462473.42196
434326.395628,4462473.6864
434326.288497,4462473.95579
434326.177372,4462474.22206
434326.065427,4462474.49168
434325.948646,4462474.75893
434325.828292,4462475.02251
434325.715907,4462475.29046
434325.603254,4462475.56008
434325.489467,4462475.82952
434325.372459,4462476.10325
434325.256825,4462476.37215
434325.140694,4462476.63273
434325.030757,4462476.90529
434324.920994,4462477.16526
434324.810173,4462477.43375
434324.697251,4462477.70504
434324.579351,4462477.97396
434324.457643,4462478.24459
434324.343271,4462478.512
434324.231174,4462478.7805
434324.116449,4462479.05606
434323.996179,4462479.32926
434323.881919,4462479.59334
434323.771697,4462479.86553
434323.656905,4462480.1335
434323.54046,4462480.40685
434323.427534,4462480.67758
434323.317897,4462480.95199
434323.19892,4462481.21111
434323.086901,4462481.47222
434322.970498,4462481.7341
434322.852784,4462481.99173
434322.737599,4462482.26341
434322.632208,4462482.53741
434322.523498,4462482.8044
434322.420512,4462483.06191
434322.308271,4462483.33004
434322.196117,4462483.59189
434322.081069,4462483.86301
434321.964096,4462484.12452
434321.847832,4462484.38603
434321.746404,4462484.64353
434321.633553,4462484.90667
434321.518455,4462485.17206
434321.403944,4462485.43965
434321.287089,4462485.69839
434321.175416,4462485.96671
434321.066469,4462486.23907
434320.94993,4462486.50151
434320.848996,4462486.76695
434320.736765,4462487.0362
434320.626699,4462487.31005
434320.504874,4462487.58363
434320.385805,4462487.84831
434320.271158,4462488.11665
434320.161304,4462488.38236
434320.04518,4462488.64369
434319.93837,4462488.90123
434319.827943,4462489.1662
434319.707394,4462489.42368
434319.594077,4462489.6983
434319.459478,4462489.96866
434319.348222,4462490.23605
434319.234541,4462490.50142
434319.125507,4462490.76379
434319.008213,4462491.03715
434318.892696,4462491.3031
434318.774909,4462491.56869
434318.659178,4462491.84259
434318.556264,4462492.10824
434318.444425,4462492.37378
434318.329416,4462492.63306
434318.21367,4462492.88901
434318.097929,4462493.1618
434317.986636,4462493.42493
434317.865118,4462493.68482
434317.74418,4462493.94637
434317.634226,4462494.21689
434317.520098,4462494.47968
434317.409381,4462494.74392
434317.297886,4462495.0163
434317.180117,4462495.28393
434317.066204,4462495.55522
434316.951089,4462495.81857
434316.838533,4462496.06673
434316.724937,4462496.32563
434316.614206,4462496.5882
434316.503203,4462496.85207
434316.392131,4462497.12426
434316.28458,4462497.3942
434316.177137,4462497.66026
434316.062453,4462497.92435
434315.946701,4462498.17956
434315.83787,4462498.43268
434315.72159,4462498.69234
434315.6009,4462498.94982
434315.496811,4462499.21067
434315.385449,4462499.48213
434315.274148,4462499.74433
434315.157446,4462500.00437
434315.047994,4462500.2512
434314.941122,4462500.50153
434314.825304,4462500.76544
434314.707621,4462501.02659
434314.589889,4462501.28219
434314.482512,4462501.53955
434314.367138,4462501.80568
434314.251064,4462502.07274
434314.13734,4462502.3494
434314.015901,4462502.61835
434313.89927,4462502.88653
434313.787294,4462503.15244
434313.674928,4462503.42243
434313.564076,4462503.6874
434313.448405,4462503.95187
434313.326386,4462504.21935
434313.215726,4462504.49006
434313.092794,4462504.76643
434312.983639,4462505.0473
434312.892479,4462505.3615
434312.737298,4462505.56175
434312.615358,4462505.83829
434312.497547,4462506.11721
434312.379824,4462506.39001
434312.291395,4462506.70882
434312.168759,4462506.98666
434312.028539,4462507.21342
434311.894086,4462507.45177
434311.770756,4462507.71501
434311.656756,4462507.97631
434311.536003,4462508.24267
434311.417119,4462508.51235
434311.289199,4462508.76896
434311.164654,4462509.03906
434311.045091,4462509.31206
434310.919692,4462509.58161
434310.793056,4462509.83932
434310.667954,4462510.11053
434310.556256,4462510.39217
434310.481744,4462510.76376
434310.356628,4462511.03331
434310.174825,4462511.18549
434310.0493,4462511.45689
434309.917915,4462511.72223
434309.854042,4462512.12815
434309.666867,4462512.28149
434309.546721,4462512.55247
434309.427542,4462512.83694
434309.30807,4462513.12031
434309.188252,4462513.39647
434309.064732,4462513.67044
434308.948688,4462513.94083
434308.828016,4462514.21662
434308.705541,4462514.48041
434308.591575,4462514.76169
434308.474488,4462515.04245
434308.349434,4462515.30293
434308.224047,4462515.57395
434308.10234,4462515.84457
434307.983687,4462516.10814
434307.856882,4462516.36271
434307.74269,4462516.63438
434307.624183,4462516.8985
434307.509379,4462517.16499
434307.395083,4462517.44091
434307.278208,4462517.69725
434307.160276,4462517.96229
434307.041505,4462518.22863
434306.928161,4462518.48382
434306.812046,4462518.74607
434306.69594,4462519.00943
434306.579126,4462519.2728
434306.464303,4462519.53707
434306.34647,4462519.81339
434306.229283,4462520.08268
434306.113528,4462520.35381
434305.999303,4462520.62159
434305.890231,4462520.87952
434305.775941,4462521.1399
434305.666242,4462521.40709
434305.543664,4462521.67532
434305.418365,4462521.94005
434305.304071,4462522.20006
434305.193098,4462522.46726
434305.077618,4462522.72118
434304.96506,4462522.98525
434304.850766,4462523.24526
434304.737007,4462523.50157
434304.616533,4462523.75127
434304.505615,4462524.00848
434304.391712,4462524.2646
434304.278661,4462524.52091
434304.162126,4462524.78371
434304.051228,4462525.04333
434303.941727,4462525.30071
434303.826962,4462525.55536
434303.723457,4462525.80196
434303.608216,4462526.05069
434303.496809,4462526.30069
434303.384945,4462526.54699
434303.26977,4462526.80331
434303.166638,4462527.04398
434303.059009,4462527.28858
434302.949176,4462527.52413
434302.853072,4462527.75864
434302.749169,4462527.99211
434302.641111,4462528.22006
434302.537464,4462528.45038
434302.43685,4462528.68733
434302.332918,4462528.91746
